1
 0.347157
 0.403247
0.0744309
0.99572619 0.03192523 -0.08666105
-0.03177998 0.99949022 0.00305562
0.08671442 -0.00028847 0.99623317
0.02357436
2
 0.342947
 0.417251
0.0738566
0.99591798 0.03038771 -0.08499393
-0.03078775 0.99952016 -0.00339957
0.08484984 0.00600246 0.99637567
0.02067887
3
  0.33892
 0.416091
0.0736345
0.99592695 0.03490690 -0.08313249
-0.03525290 0.99937478 -0.00269740
0.08298635 0.00561707 0.99653485
0.02781298
4
 0.340877
 0.415003
0.0734879
0.99588166 0.03288424 -0.08448874
-0.03322981 0.99944413 -0.00268679
0.08435342 0.00548327 0.99642081
0.01935360
5
0.339332
0.412748
0.073099
0.99600906 0.03526085 -0.08199167
-0.03543755 0.99937165 -0.00070038
0.08191545 0.00360317 0.99663277
0.02670045
6
 0.340529
 0.406229
0.0734859
0.99585660 0.03561411 -0.08367359
-0.03516247 0.99935803 0.00686567
0.08386439 -0.00389505 0.99646956
0.02957988
7
 0.340178
 0.405872
0.0736156
0.99588137 0.03602139 -0.08320308
-0.03578928 0.99935019 0.00427995
0.08330318 -0.00128454 0.99652342
0.02628255
8
0.338662
0.408931
0.072579
0.99620438 0.03570920 -0.07938313
-0.03606665 0.99934466 -0.00307311
0.07922137 0.00592453 0.99683944
0.03288554
9
0.338221
0.407951
0.072509
0.99612178 0.03538209 -0.08055748
-0.03549376 0.99936990 0.00004575
0.08050834 0.00281371 0.99674996
0.02419373
10
 0.337708
 0.410132
0.0723768
0.99618996 0.03519667 -0.07979194
-0.03571201 0.99934941 -0.00504027
0.07956263 0.00787060 0.99679880
0.02565739
11
 0.336001
 0.412098
0.0714835
0.99647247 0.03405484 -0.07669993
-0.03474656 0.99936648 -0.00770167
0.07638906 0.01033956 0.99702448
0.03689710
12
 0.335558
 0.411379
0.0719084
0.99640143 0.03364057 -0.07779779
-0.03394176 0.99942055 -0.00255201
0.07766686 0.00518342 0.99696589
0.02723470
13
 0.336081
 0.409794
0.0722832
0.99613807 0.03229336 -0.08164608
-0.03217106 0.99947842 0.00281335
0.08169435 -0.00017584 0.99665741
0.02370365
14
 0.335688
 0.409624
0.0723149
0.99617041 0.03430366 -0.08042241
-0.03433155 0.99940996 0.00103623
0.08041050 0.00172876 0.99676033
0.02900191
15
 0.336185
 0.410385
0.0724143
0.99589447 0.03563351 -0.08321332
-0.03594237 0.99935141 -0.00221610
0.08308038 0.00519789 0.99652929
0.02461803
16
 0.336809
 0.409849
0.0725307
0.99582021 0.03531300 -0.08423242
-0.03538575 0.99937353 0.00062961
0.08420188 0.00235365 0.99644594
0.01847021
17
 0.336353
 0.411094
0.0724406
0.99601184 0.03619450 -0.08154987
-0.03671393 0.99931391 -0.00487853
0.08131734 0.00785309 0.99665732
0.02595938
18
  0.33611
 0.410667
0.0724343
0.99616196 0.03525229 -0.08011636
-0.03550980 0.99936772 -0.00179117
0.08000256 0.00462921 0.99678391
0.02454730
19
 0.336695
 0.410264
0.0726695
0.99599741 0.03447821 -0.08246465
-0.03463312 0.99939999 -0.00044844
0.08239971 0.00330265 0.99659389
0.02385153
20
 0.336845
   0.4095
0.0726509
0.99606043 0.03403694 -0.08188472
-0.03396748 0.99942042 0.00224152
0.08191356 0.00054873 0.99663929
0.02402611
21
  0.33693
 0.408701
0.0726708
0.99601926 0.03544417 -0.08178836
-0.03523699 0.99937108 0.00397560
0.08187783 -0.00107780 0.99664179
0.03042484
22
 0.337207
 0.408185
0.0727973
0.99591515 0.03483225 -0.08330504
-0.03457502 0.99939184 0.00452898
0.08341213 -0.00163021 0.99651380
0.02995960
23
 0.337526
 0.408361
0.0728105
0.99585940 0.03413549 -0.08425456
-0.03413395 0.99941620 0.00145915
0.08425518 0.00142284 0.99644319
0.02382026
24
 0.337991
 0.406526
0.0729664
0.99579505 0.03286854 -0.08550957
-0.03203664 0.99942524 0.01108330
0.08582472 -0.00829725 0.99627570
0.03447444
25
 0.338428
 0.405604
0.0730022
0.99569368 0.03288016 -0.08667756
-0.03203721 0.99942505 0.01109873
0.08699265 -0.00827403 0.99617459
0.03022839
26
  0.33873
  0.40538
0.0730824
0.99578868 0.03184557 -0.08596960
-0.03136015 0.99948370 0.00699133
0.08614785 -0.00426587 0.99627323
0.03240065
27
0.338594
0.406573
 0.07275
0.99603616 0.03266962 -0.08273251
-0.03304688 0.99944870 -0.00319433
0.08258255 0.00591572 0.99656667
0.03255078
28
  0.33884
 0.405828
0.0727913
0.99585576 0.03374620 -0.08445415
-0.03358084 0.99943030 0.00337819
0.08452003 -0.00052815 0.99642164
0.02034130
29
 0.339096
 0.406146
0.0728038
0.99572914 0.03486333 -0.08548696
-0.03494765 0.99938901 0.00051037
0.08545252 0.00247938 0.99633916
0.02655346
30
 0.339216
 0.406569
0.0728042
0.99575278 0.03500003 -0.08515513
-0.03527755 0.99937601 -0.00175605
0.08504053 0.00475265 0.99636616
0.02673920
31
 0.339211
 0.405565
0.0728399
0.99591166 0.03513262 -0.08322061
-0.03479121 0.99937919 0.00554965
0.08336392 -0.00263161 0.99651570
0.02705089
32
 0.339415
 0.405229
0.0730116
0.99572918 0.03844368 -0.08393738
-0.03809985 0.99925771 0.00569493
0.08409401 -0.00247260 0.99645476
0.03580383
33
 0.339236
 0.405807
0.0729755
0.99595816 0.03735587 -0.08168163
-0.03756110 0.99929386 -0.00097699
0.08158746 0.00404109 0.99665799
0.02723246
34
 0.339689
 0.405508
0.0729925
0.99571546 0.03611227 -0.08512708
-0.03608570 0.99934698 0.00185132
0.08513834 0.00122848 0.99636838
0.02103285
35
 0.339846
 0.404986
0.0730538
0.99576340 0.03534417 -0.08488846
-0.03497444 0.99937115 0.00583914
0.08504146 -0.00284548 0.99637335
0.03397991
36
 0.339869
 0.404747
0.0730083
0.99584082 0.03471086 -0.08423908
-0.03439088 0.99939468 0.00524702
0.08437022 -0.00232814 0.99643176
0.03087656
37
 0.339612
 0.404952
0.0730348
0.99606392 0.03484360 -0.08150206
-0.03482472 0.99939207 0.00165366
0.08151013 0.00119113 0.99667180
0.02314100
38
 0.339493
 0.404926
0.0730538
0.99614195 0.03307551 -0.08128487
-0.03302480 0.99945259 0.00196853
0.08130548 0.00072349 0.99668897
0.02251099
39
 0.339519
 0.404986
0.0730104
0.99601287 0.03293897 -0.08290592
-0.03296978 0.99945585 0.00099780
0.08289368 0.00173957 0.99655688
0.02101235
40
 0.339389
 0.405193
0.0730137
0.99611531 0.03082520 -0.08248690
-0.03097075 0.99952017 -0.00048534
0.08243236 0.00303814 0.99659203
0.02634713
41
 0.339132
 0.405407
0.0729972
0.99620557 0.03277474 -0.08062430
-0.03303156 0.99945259 -0.00185333
0.08051942 0.00450945 0.99674284
0.02807687
42
 0.339368
 0.404876
0.0731322
0.99589581 0.03325362 -0.08417673
-0.03297899 0.99944522 0.00465137
0.08428471 -0.00185622 0.99643998
0.03281507
43
 0.339298
 0.405054
0.0731457
0.99595590 0.03340019 -0.08340424
-0.03341480 0.99944082 0.00122116
0.08339839 0.00157071 0.99651505
0.02044348
44
 0.339277
 0.405334
0.0731182
0.99596733 0.03446134 -0.08283407
-0.03471388 0.99939599 -0.00161009
0.08272856 0.00447908 0.99656205
0.02087574
45
 0.339297
  0.40492
0.0731914
0.99587550 0.03570634 -0.08340887
-0.03550469 0.99936190 0.00390010
0.08349490 -0.00092260 0.99650778
0.03136976
46
 0.339221
  0.40474
0.0732568
0.99597991 0.03613510 -0.08196505
-0.03589467 0.99934587 0.00440543
0.08207062 -0.00144561 0.99662547
0.02273159
47
 0.339647
 0.404398
0.0733183
0.99567620 0.03601354 -0.08562675
-0.03565163 0.99934772 0.00575246
0.08577806 -0.00267485 0.99631068
0.03649674
48
 0.339671
 0.404356
0.0733339
0.99584308 0.03373060 -0.08460971
-0.03348600 0.99942990 0.00430881
0.08470681 -0.00145765 0.99640485
0.01660644
49
 0.339812
 0.404283
0.0733572
0.99572529 0.03529093 -0.08535631
-0.03510393 0.99937685 0.00369127
0.08543339 -0.00067915 0.99634365
0.02490667
50
 0.339885
 0.404081
0.0733422
0.99578912 0.03476920 -0.08482408
-0.03448758 0.99939368 0.00478347
0.08493897 -0.00183795 0.99638446
0.02950161
51
 0.339863
 0.404124
0.0733232
0.99587040 0.03520981 -0.08368047
-0.03512401 0.99937984 0.00249768
0.08371651 0.00045183 0.99648951
0.02194568
52
 0.340047
 0.403626
0.0733607
0.99573845 0.03428193 -0.08561360
-0.03373788 0.99940032 0.00779402
0.08582946 -0.00487238 0.99629793
0.02331786
