--------------------------------------------------------------------
After 100 iterations
--------------------------------------------------------------------
Average translation is:
-0.352521
 0.448663
  0.11189
Average rotation is:
   0.996718  -0.0417327   0.0693642
  0.0422048    0.999095 -0.00535359
  -0.069078  0.00826353    0.997577
Average transformation is: 
   0.996718  -0.0417327   0.0693642   -0.352521
  0.0422048    0.999095 -0.00535359    0.448663
  -0.069078  0.00826353    0.997577     0.11189
          0           0           0           1
Final rotation is:
   0.333457   -0.941874   0.0409828
 0.00613124  -0.0413033   -0.999128
   0.942745    0.333418 -0.00799804
Final ypr is:
0.0183848
 -1.23077
  1.59478
Average RMSE is: 0.0260592
RMSE on average transformation is: 0.0327327



config_file.txt:

1232 1616
-5 5.68
-5.5 5.8
-5.0 5.8
0.001
2
0
752.588908 0.000000 619.277272 0.0
0.000000 752.343518 799.571755 0.0
0.000000 0.000000 1.000000 0.0
100
1.57 -1.3 0
