After 100 iterations
--------------------------------------------------------------------
Average translation is:
0.00480925
   0.41454
  0.362415
Average rotation is:
   0.999561  0.00570803   0.0290588
-0.00383075    0.997926  -0.0642534
 -0.0293653   0.0641139     0.99751
Average transformation is: 
   0.999561  0.00570803   0.0290588  0.00480925
-0.00383075    0.997926  -0.0642534     0.41454
 -0.0293653   0.0641139     0.99751    0.362415
          0           0           0           1
Final rotation is:
   0.999561   0.0290633 -0.00568489
-0.00383075  -0.0634587   -0.997977
 -0.0293653    0.997561  -0.0633196
Final ypr is:
 3.13776
 3.11222
-1.50741
Average RMSE is: 0.0317809
RMSE on average transformation is: 0.0289683





1232 1616
-5 5.68
-5.5 5.8
-5.0 5.8
0.001
2
0
755.837515 0.000000 600.912602 0.0
0.000000 756.385002 830.489184 0.0
0.000000 0.000000 1.000000 0.0
100
1.57 0 0
