

--------------------------------------------------------------------
After 100 iterations
--------------------------------------------------------------------
Average translation is:
-0.982449
 0.555075
  1.39197
Average rotation is:
  0.965101  0.0392418    0.25892
-0.0447617   0.998878  0.0154554
 -0.258023 -0.0265057   0.965775
Average transformation is: 
  0.965101  0.0392418    0.25892  -0.982449
-0.0447617   0.998878  0.0154554   0.555075
 -0.258023 -0.0265057   0.965775    1.39197
         0          0          0          1
Final rotation is:
 -0.797704   0.601802 -0.0387627
 0.0153415 -0.0440054  -0.998913
 -0.602854  -0.797432  0.0258708
Final ypr is:
 3.12236
0.647073
-1.53837
Average RMSE is: 0.0509263
RMSE on average transformation is: 0.0553083




1232 1616
-5 5.68
-5.5 5.8
-5.0 5.8
0.0008
2
0
759.747002 0.000000 617.30586 0.0
0.000000 758.969864 780.270791 0.0
0.000000 0.000000 1.000000 0.0
100
1.57 -4.05 0

