--------------------------------------------------------------------
After 100 iterations
--------------------------------------------------------------------
Average translation is:
0.994233
 0.41054
 1.38399
Average rotation is:
  0.991501 -0.0230763  -0.128035
 0.0292231   0.998498  0.0463398
  0.126774 -0.0496875   0.990686
Average transformation is: 
  0.991501 -0.0230763  -0.128035   0.994233
 0.0292231   0.998498  0.0463398    0.41054
  0.126774 -0.0496875   0.990686    1.38399
         0          0          0          1
Final rotation is:
  -0.81761  -0.575328  0.0226182
0.00975186 -0.0531147  -0.998541
   0.57569  -0.816196  0.0490376
Final ypr is:
  3.12967
-0.613448
 -1.51079
Average RMSE is: 0.0363089
RMSE on average transformation is: 0.0355874


1232 1616
-5 5.68
-5.5 5.8
-5.0 5.8
0.001
2
0
755.364945 0.000000 608.348521 0.0
0.000000 754.913444 807.584637 0.0
0.000000 0.000000 1.000000 0.0
100
1.57 -2.4 0
